26010, 0.10596583581349206
7870, 0.3349086009604765
370224, 0.3974270290091265
7868, 0.31858979921987735
3560, 0.5363920618749553
7882, 0.4209990122126437
49876, 0.5216840586821627
285508, 0.13962301587301587
217078, 0.28329423076923077
283142, 0.16430224867724869
192748, 0.3017003009055751
8480, 0.35280953683788796
8488, 0.3957793827835189
265366, 0.33099889131018484
26150, 0.5282050872667616
8416, 0.18219119543650794
25950, 0.4603125392109767
247248, 0.41237598812476545
8242, 0.5478582888321165
61390, 0.37298468338815793
15526, 0.5688211458562069
8086, 0.32617955443359226
64966, 0.5549729944944315
466, 0.31014334126335497
3278, 0.40828903645267084
245364, 0.237248444540961
11066, 0.3553121076137279
340386, 0.36755549877495186
9380, 0.5722149320519476
70086, 0.407704165258054
71654, 0.3425073450854701
8752, 0.13932291666666666
11294, 0.2674161740401729
70092, 0.36832776472872075
8944, 0.5782911506834316
77502, 0.22755416228991598
8980, 0.40366002859477124
3324, 0.3621169849537037
227756, 0.274875
3350, 0.5137405948131057
8032, 0.6379944347428548
14748, 0.408717469055071
7892, 0.5970103362844319
31528, 0.5404918904028758
8554, 0.226224138951935
397168, 0.424144203109951
454, 0.3463854555183708
8142, 0.5285520674961167
8186, 0.48641892789296337
8422, 0.5813816406250001
16436, 0.09163247053872053
11078, 0.5257630225955594
214654, 0.39989818060933613
16122, 0.3914674385849658
56038, 0.5161316652097903
14796, 0.5800402601381462
92922, 0.2892063492063492
340, 0.4031695779107264
353236, 0.1731834060157628
77546, 0.48820328914360245
56, 0.18297876409017716
25706, 0.5580342069225854
7944, 0.4649258676439819
15198, 0.364874287639648
20450, 0.4025230263157895
9532, 0.20779400808854834
15054, 0.49055294968431334
58978, 0.32031764630654436
49872, 0.5100887980994676
7932, 0.3560193932142923
8094, 0.4146805798368298
25854, 0.6221565269825811
77548, 0.3783823986737169
8582, 0.5297598690054863
26610, 0.1855849358974359
265318, 0.3197830162454075
21100, 0.5332725801085176
20620, 0.5426388888888889
25572, 0.3397451419346979
7934, 0.08462422839506173
7906, 0.31892322930511596
397178, 0.40697143153683574
105338, 0.4992030416351614
7910, 0.27179276315789475
7918, 0.36039472279407847
38, 0.5694385780711004
7938, 0.6372893669532497
7936, 0.6341201523865297
70122, 0.5815198565702313
256998, 0.42482650088165386
37726, 0.5379901266268454
7978, 0.26944444444444443
12536, 0.15451008046737214
3436, 0.5711752355238972
8004, 0.5888015803546545
7974, 0.46292709511689295
134294, 0.3453262079267377
240070, 0.10109126984126984
25804, 0.20563156797819626
13484, 0.522983293755628
210044, 0.3826931436885179
402884, 0.5767001915708813
36, 0.6393075782658734
54, 0.5008280473624425
48, 0.5988597343089331
11152, 0.34432730454160826
62344, 0.27475
77550, 0.4594443108974359
246866, 0.47777601467281616
8976, 0.5048989009147709
8192, 0.5724851797201065
21164, 0.5296225673191455
8336, 0.6026810061554214
262, 0.3884063976455665
8144, 0.21124585758377423
8136, 0.5507182384272868
8116, 0.5263881765330186
61988, 0.47248238953762284
160, 0.2904826388888889
28292, 0.5225726657988667
21160, 0.6009721376150676
8266, 0.5225105285070533
8272, 0.36603883852258856
32968, 0.2742766969844691
7888, 0.6204676680490058
134708, 0.265625
15808, 0.44715939725783477
14870, 0.4955085559477991
116, 0.33887429597907537
18550, 0.46747239635466653
7964, 0.5427643629807692
8514, 0.401196484375
4908, 0.584137444742604
8460, 0.5060061112558214
8296, 0.22153480301527173
62224, 0.29258156229663584
8726, 0.31895713697193645
134102, 0.53833190467856
447254, 0.2847222222222222
8686, 0.2120572150735294
9414, 0.5032191868713706
8958, 0.35368385251280093
8530, 0.1879821614583333
8370, 0.474849994916768
8360, 0.49178840252527617
8358, 0.39180119812252967
86308, 0.2301050347222222
25798, 0.28109375
14688, 0.5335629040948275
8314, 0.5357391826923077
8620, 0.11162800925925925
293686, 0.14651319444444444
15474, 0.25
119630, 0.16712962962962963
297258, 0.2822420634920635
74, 0.6005624997165246
222220, 0.585354872881356
77558, 0.4184242051140396
14886, 0.26828961352657005
230020, 0.2747685185185185
20612, 0.6027825767867011
134, 0.25322577426564497
3326, 0.3307847497795414
3360, 0.2934730441433566
269676, 0.25
8384, 0.1483720426133416
268776, 0.5506747855392158
135114, 0.5417253707627119
29640, 0.3307713499322493
8580, 0.37796874999999996
26136, 0.5619951846590909
8284, 0.2743055555555556
284, 0.43229166666666663
10252, 0.5139889705882353
7988, 0.4458234763500388
7958, 0.3892327502970885
7864, 0.20423765432098764
237268, 0.2587962962962963
8498, 0.23713245506535946
41174, 0.3619907407407408
128214, 0.2891666666666667
9206, 0.36079264363354036
257762, 0.3057415515988372
70156, 0.36536898232018256
9622, 0.2243525462962963
8374, 0.25105420681667484
7914, 0.6109375
12242, 0.3215909090909091
284476, 0.2675925925925926
3662, 0.375
65254, 0.5704846673596673
258162, 0.41864657738095246
7879, 0.14679166666666668
120339, 0.38606442577030814
7945, 0.3815171690471444
14869, 0.5454346510907481
25413, 0.3479239934921901
167145, 0.6204913956538674
3319, 0.4988332522949608
14763, 0.3388205885483184
8013, 0.2957716284246232
8653, 0.4253384261173212
149019, 0.5916527174176776
14853, 0.5312950571563853
12829, 0.5657833017676768
62091, 0.25534755954149335
255935, 0.3007936507936508
3657, 0.3746882222260244
9097, 0.4134546669091112
265673, 0.3463688450292397
70083, 0.44238950470511273
8325, 0.3921248880543739
8277, 0.59488199028894
38021, 0.5772071850071605
105339, 0.7176428532776578
8307, 0.6250576584349811
8317, 0.5637159708235661
93, 0.44747613141811216
8433, 0.5289378069132016
8125, 0.3139354817708333
9433, 0.32673427924314624
9623, 0.4536139364775707
8643, 0.5454285329803548
9127, 0.2724349182679365
135103, 0.186980132292696
38093, 0.12604137488328665
105333, 0.40866185032300767
25553, 0.5907777284564395
7887, 0.3923137019230769
3429, 0.2618012741094235
8471, 0.580279653819061
127537, 0.2740522433914698
8425, 0.2909466676093514
8221, 0.5638541822522096
240559, 0.3143805803571429
38031, 0.36654405381944444
235555, 0.41204985337243405
173, 0.3158823436571599
15823, 0.26900465029761905
279709, 0.23791011063669731
15215, 0.451312052974599
62389, 0.5412316965765915
55979, 0.4807949051139023
303357, 0.37521869093141036
9419, 0.5808269773219301
5911, 0.24562736870220422
8245, 0.45783493571509837
8239, 0.5852184889265448
10131, 0.39051443342763603
293687, 0.1687359758877509
8143, 0.37557768352757026
7919, 0.5255866648259606
8747, 0.24201388888888892
8731, 0.38583239389920426
107, 0.5449788525583079
379209, 0.28008782679738564
8561, 0.4753891283330218
26499, 0.48620517578698
8301, 0.46882260101010104
14703, 0.4292505120731581
7941, 0.4452692285839161
8313, 0.5335026727349637
8553, 0.45731534090909093
134513, 0.19155329996247966
8249, 0.1368247478505291
7905, 0.3961673737357394
339789, 0.5879649901710509
8833, 0.7212860466292104
3523, 0.3194023569023569
7967, 0.47283854166666667
9227, 0.45208874293481094
70215, 0.3389761783695607
230883, 0.3436128789460327
14911, 0.17943775587157937
61967, 0.4877163027197594
8717, 0.4113010469190318
136441, 0.6679005507616103
25381, 0.49651633522727273
61979, 0.30885416666666665
288865, 0.09167378917378918
343951, 0.41244801483961635
77557, 0.12971163900919636
25571, 0.4671014077402502
7847, 0.31439896713999366
8953, 0.17001181382275132
297733, 0.15777777777777777
215983, 0.3302855709535276
20857, 0.1935073866334283
7885, 0.5689718386606628
383, 0.3508504618174197
7899, 0.5741672940922111
61941, 0.25633285984848486
703, 0.45620704787234045
70389, 0.6140824523795196
3351, 0.46758056688833827
377071, 0.3134692858559597
10663, 0.26341048125166133
20593, 0.34423076923076923
20505, 0.4256899038461538
92899, 0.5273093161581216
7929, 0.5375974748883929
8319, 0.24286529509306395
257899, 0.47895248397435897
120353, 0.3739868885835168
25393, 0.335127963362069
346101, 0.5228369613722381
25747, 0.49646098018004
9739, 0.3075305972041541
9293, 0.24611742424242425
134351, 0.16761415368967453
9279, 0.33349251253132833
9277, 0.5654635998458779
9285, 0.6127455421269047
8351, 0.4496438784814324
9283, 0.5542087045977953
9637, 0.4208745822017156
3577, 0.24393439967716463
434159, 0.32292508417508414
119951, 0.3624440483804656
8285, 0.2947545462204453
5281, 0.5903098192401961
68085, 0.3738618295019157
8627, 0.25
245813, 0.12111111111111111
9123, 0.1689846666065416
3327, 0.33057906125992065
8501, 0.40102030600265515
8623, 0.3421051459719143
286831, 0.18564424189814815
7907, 0.24503858024691358
355937, 0.5065108455882353
332605, 0.18006081649831648
179, 0.15867258804563492
4365, 0.5002836538461538
3413, 0.3462838541666667
8625, 0.5728652360819918
28291, 0.31269714384535674
8945, 0.5679893757214137
365707, 0.2520833333333333
280157, 0.25518229166666667
8677, 0.4107190040650407
37725, 0.23751439369897454
70965, 0.5478174542682928
86239, 0.25243055555555555
7989, 0.48296461397058826
239411, 0.4234580702861953
77541, 0.25277777777777777
8049, 0.30259925558312656
3361, 0.23509375
7855, 0.5067805634469698
15175, 0.40865131578947367
8005, 0.5917203125
8925, 0.1454861111111111
9403, 0.2675
8903, 0.13475925925925925
91381, 0.271875
346071, 0.18148692810457517
7853, 0.3630555555555556
25537, 0.6019812500000001
531655, 0.28925978535353536
22889, 0.2966666666666667
25707, 0.2953968253968254
70085, 0.2851851851851852
8889, 0.3131203125
21095, 0.5316186575052855
471, 0.28784722222222225
3557, 0.500890899122807
