370224, 4, 0, 0, 92, 0, 122, 0, 0, 1, 2
0, 4, 0, 0, 0, 0, 0, 0, 0, 0, 39
49876, 3, 0, 0, 290, 0, 344, 0, 1.5, 9, 4
3560, 3, 0, 0, 239, 2, 262, 0, 0, 0, 4
265366, 5, 0, 0, 107, 0, 146, 0, 0, 1, 4
7882, 0, 8, 0, 61, 0, 72, 0, 0, 0, 4
192748, 7, 0, 0, 102, 0, 126, 0, 0, 4, 4
8488, 6, 0, 0, 75, 0, 88, 0, 0, 1, 4
7868, 2, 0, 0, 107, 4, 146, 0, 1.0, 9, 4
8480, 1, 8, 0, 58, 0, 73, 0, 0, 0, 4
26150, 2, 0, 0, 100, 4, 128, 0, 2.0, 11, 4
26010, 3, 1, 0, 21, 2, 29, 1, 0.5, 4, 4
7870, 4, 1, 0, 135, 0, 158, 1, 1.5, 9, 4
217078, 1, 0, 0, 4, 0, 5, 0, 0, 0, 1
285508, 1, 0, 0, 6, 0, 9, 0, 0, 0, 2
283142, 0, 0, 0, 21, 2, 34, 0, 0.5, 3, 4
70086, 5, 0, 0, 286, 0, 306, 0, 1.0, 6, 4
9380, 1, 0, 0, 212, 0, 218, 0, 0.5, 1, 3
466, 3, 0, 0, 146, 0, 172, 0, 0, 5, 4
15526, 6, 2, 0, 73, 0, 109, 2, 0, 3, 4
8086, 10, 0, 0, 180, 0, 202, 0, 0, 3, 4
71654, 0, 2, 0, 61, 0, 67, 0, 0, 0, 4
247248, 5, 0, 0, 93, 6, 124, 0, 1.0, 6, 4
3278, 6, 0, 0, 133, 0, 162, 0, 0, 0, 4
340386, 5, 3, 0, 61, 2, 80, 3, 1.5, 13, 4
8242, 3, 0, 0, 151, 2, 175, 0, 0.5, 3, 4
61390, 0, 5, 0, 71, 0, 82, 0, 0, 0, 4
64966, 2, 0, 0, 114, 2, 143, 0, 0, 1, 4
8416, 3, 0, 0, 15, 2, 22, 0, 0, 0, 3
245364, 4, 2, 0, 36, 4, 49, 2, 0, 2, 4
25950, 2, 0, 0, 70, 0, 86, 0, 1.5, 5, 4
11066, 4, 2, 0, 46, 2, 63, 2, 0.5, 7, 3
8980, 1, 0, 0, 53, 2, 61, 0, 0, 5, 2
14748, 4, 0, 0, 193, 0, 218, 0, 0, 2, 4
3350, 4, 1, 0, 171, 2, 201, 1, 0.5, 3, 3
77502, 0, 4, 0, 43, 0, 52, 0, 0, 0, 4
8032, 5, 2, 0, 127, 2, 158, 1, 0.5, 7, 4
7892, 7, 1, 0, 155, 0, 176, 1, 0.5, 6, 4
31528, 6, 1, 0, 189, 2, 218, 1, 0, 4, 4
8944, 1, 0, 0, 110, 0, 128, 0, 1.0, 5, 4
70092, 2, 0, 0, 145, 2, 168, 0, 0, 1, 4
227756, 1, 0, 0, 4, 0, 4, 0, 0, 0, 1
3324, 4, 3, 0, 44, 2, 55, 3, 1.0, 13, 4
11294, 2, 0, 0, 17, 0, 26, 0, 0, 1, 2
8752, 0, 0, 0, 1, 0, 3, 0, 0, 1, 2
454, 5, 0, 0, 59, 0, 82, 0, 0, 1, 3
8142, 7, 0, 0, 128, 0, 142, 0, 0.5, 5, 4
14796, 2, 0, 0, 90, 0, 125, 0, 0.5, 1, 3
11078, 4, 0, 0, 55, 6, 103, 0, 0, 1, 3
8422, 1, 0, 0, 12, 0, 20, 0, 1.0, 3, 1
56038, 0, 0, 0, 49, 0, 63, 0, 0, 0, 3
8186, 3, 0, 0, 134, 0, 158, 0, 1.0, 6, 4
397168, 1, 0, 0, 128, 0, 164, 0, 0, 1, 4
214654, 4, 2, 0, 31, 2, 46, 2, 1.0, 8, 3
16122, 6, 0, 0, 38, 4, 57, 0, 0.5, 2, 3
16436, 0, 0, 0, 11, 0, 14, 0, 0, 0, 3
8554, 1, 0, 0, 44, 0, 51, 0, 0, 3, 3
58978, 0, 0, 0, 65, 0, 79, 0, 0, 1, 4
7932, 9, 0, 0, 146, 0, 181, 0, 0, 3, 4
25706, 8, 0, 0, 162, 0, 183, 0, 1.0, 4, 4
7944, 10, 2, 0, 119, 4, 149, 2, 0.5, 6, 4
8094, 0, 4, 0, 51, 0, 69, 0, 0, 0, 4
9532, 1, 0, 0, 16, 0, 20, 0, 0.5, 2, 3
77546, 5, 0, 0, 127, 0, 144, 0, 0, 3, 4
56, 3, 0, 0, 39, 0, 51, 0, 0, 0, 3
20450, 1, 0, 0, 21, 0, 24, 0, 0, 1, 1
25854, 1, 0, 0, 102, 0, 120, 0, 0.5, 4, 4
49872, 3, 0, 0, 104, 2, 125, 0, 1.5, 5, 4
15054, 1, 0, 0, 23, 0, 38, 0, 0, 2, 3
77548, 5, 0, 0, 115, 0, 133, 0, 0.5, 3, 4
340, 6, 0, 0, 62, 4, 85, 0, 0, 0, 2
353236, 3, 0, 0, 63, 0, 76, 0, 0, 1, 4
15198, 3, 2, 0, 54, 2, 75, 2, 0.5, 12, 4
92922, 0, 0, 0, 4, 0, 7, 0, 0, 0, 1
7906, 0, 0, 0, 138, 2, 162, 0, 0.5, 2, 4
105338, 4, 0, 0, 161, 4, 193, 0, 0.5, 7, 4
70122, 4, 0, 0, 244, 0, 267, 0, 0, 2, 4
7936, 11, 2, 0, 256, 4, 298, 2, 2.0, 15, 4
7918, 1, 0, 0, 208, 0, 217, 0, 0, 1, 4
38, 4, 0, 0, 143, 2, 172, 0, 0, 3, 3
256998, 4, 1, 0, 198, 2, 221, 1, 0, 1, 4
20620, 0, 0, 0, 37, 0, 45, 0, 0, 0, 1
21100, 2, 0, 0, 123, 0, 146, 0, 0, 0, 3
265318, 2, 0, 0, 58, 2, 75, 0, 0.5, 4, 3
25572, 0, 0, 0, 37, 0, 43, 0, 0, 1, 2
7938, 3, 0, 0, 237, 2, 272, 0, 0, 2, 4
7910, 0, 2, 0, 56, 0, 62, 0, 0, 0, 4
397178, 5, 2, 0, 54, 2, 73, 2, 2.5, 14, 4
26610, 2, 0, 0, 4, 0, 4, 0, 0, 0, 2
8582, 1, 0, 0, 80, 0, 100, 0, 0.5, 4, 3
7934, 1, 0, 0, 13, 0, 17, 0, 0, 1, 3
13484, 7, 2, 0, 109, 4, 132, 2, 0.5, 12, 4
402884, 0, 0, 0, 52, 0, 58, 0, 0, 0, 1
12536, 3, 0, 0, 10, 0, 15, 0, 0.5, 2, 3
7978, 0, 0, 0, 2, 2, 4, 0, 0, 0, 1
8004, 4, 1, 0, 86, 0, 111, 0, 0.5, 2, 4
7974, 0, 3, 0, 54, 0, 70, 0, 0, 0, 4
48, 3, 0, 0, 280, 2, 310, 0, 0, 2, 4
3436, 5, 0, 0, 68, 4, 102, 0, 0, 0, 4
210044, 2, 0, 0, 227, 2, 255, 0, 0, 3, 4
54, 2, 1, 0, 183, 8, 224, 1, 3.0, 15, 4
11152, 5, 0, 0, 182, 2, 191, 0, 0.5, 4, 4
36, 2, 0, 0, 265, 0, 294, 0, 0, 3, 4
134294, 8, 0, 0, 79, 4, 114, 0, 1.0, 4, 4
25804, 4, 0, 0, 55, 0, 67, 0, 0, 3, 4
37726, 2, 0, 0, 47, 0, 61, 0, 0, 0, 3
240070, 0, 0, 0, 17, 0, 18, 0, 0, 0, 3
77550, 1, 0, 0, 24, 0, 26, 0, 0, 0, 1
246866, 1, 0, 0, 182, 0, 208, 0, 0, 1, 4
21164, 4, 0, 0, 165, 0, 193, 0, 0.5, 1, 4
8336, 1, 0, 0, 168, 0, 218, 0, 0, 0, 4
61988, 2, 0, 0, 161, 2, 190, 0, 0, 3, 3
8136, 3, 0, 0, 149, 0, 183, 0, 0, 1, 4
8192, 1, 0, 0, 115, 0, 155, 0, 0.5, 2, 4
8144, 1, 0, 0, 35, 0, 46, 0, 0.5, 3, 3
8976, 2, 0, 0, 175, 2, 204, 0, 0.5, 1, 4
262, 9, 0, 0, 134, 2, 156, 0, 0, 4, 4
8116, 3, 0, 0, 105, 4, 138, 0, 0.5, 9, 4
62344, 2, 0, 0, 3, 0, 3, 0, 0, 0, 1
7888, 3, 0, 0, 113, 0, 141, 0, 1.5, 10, 4
160, 1, 1, 0, 12, 0, 16, 1, 0, 1, 2
8272, 1, 0, 0, 62, 0, 76, 0, 0, 0, 2
21160, 2, 1, 0, 65, 0, 85, 1, 0.5, 2, 3
8514, 1, 8, 0, 62, 0, 71, 0, 0, 0, 3
14870, 2, 0, 0, 171, 0, 200, 0, 0, 2, 4
18550, 5, 0, 0, 109, 2, 132, 0, 0.5, 4, 3
4908, 1, 0, 0, 122, 6, 149, 0, 0.5, 3, 3
28292, 3, 2, 0, 199, 0, 225, 2, 0, 3, 4
32968, 6, 0, 0, 39, 4, 69, 0, 0, 1, 3
8266, 1, 3, 0, 65, 0, 82, 0, 0, 0, 4
7964, 5, 0, 0, 188, 4, 245, 0, 0.5, 4, 4
116, 0, 0, 0, 97, 2, 122, 0, 0.5, 5, 4
15808, 4, 2, 0, 86, 4, 120, 1, 1.0, 7, 4
134708, 0, 0, 0, 1, 0, 1, 0, 0, 0, 1
8370, 2, 0, 0, 59, 2, 95, 0, 0, 0, 3
134102, 4, 0, 0, 151, 0, 177, 0, 0.5, 2, 4
9414, 3, 0, 0, 44, 0, 72, 0, 0, 5, 4
8726, 0, 8, 0, 69, 0, 88, 0, 0, 0, 4
86308, 2, 0, 0, 24, 0, 30, 0, 0, 2, 2
8358, 0, 4, 0, 37, 0, 51, 0, 0, 0, 4
62224, 0, 0, 0, 58, 0, 70, 0, 0.5, 2, 3
8958, 11, 1, 0, 40, 0, 62, 1, 1.5, 7, 4
8530, 6, 0, 0, 23, 2, 31, 0, 0, 5, 3
8360, 3, 0, 0, 95, 0, 124, 0, 0, 1, 4
8296, 4, 0, 0, 14, 0, 18, 0, 0.5, 3, 4
8686, 4, 1, 0, 5, 0, 7, 1, 0, 3, 2
447254, 0, 0, 0, 4, 0, 4, 0, 0, 0, 1
8460, 5, 0, 0, 62, 0, 85, 0, 0, 1, 4
14688, 3, 0, 0, 41, 0, 50, 0, 0, 0, 2
25798, 1, 1, 0, 5, 0, 5, 1, 0, 1, 1
8314, 0, 0, 0, 105, 0, 135, 0, 0.5, 3, 3
8620, 1, 0, 0, 21, 0, 24, 0, 0, 0, 3
293686, 2, 0, 0, 10, 0, 14, 0, 0, 3, 3
15474, 0, 0, 0, 1, 0, 2, 0, 0, 0, 1
119630, 0, 0, 0, 19, 0, 26, 0, 0.5, 2, 3
222220, 0, 0, 0, 93, 2, 118, 0, 0.5, 2, 1
74, 1, 0, 0, 106, 0, 116, 0, 0, 0, 2
297258, 0, 0, 0, 2, 0, 6, 0, 0, 0, 1
77558, 0, 0, 0, 55, 2, 66, 0, 0, 5, 3
14886, 1, 0, 0, 22, 0, 23, 0, 0, 0, 2
20612, 2, 0, 0, 128, 2, 150, 0, 0, 2, 2
3326, 1, 1, 0, 29, 2, 40, 1, 1.0, 6, 3
230020, 0, 0, 0, 21, 0, 22, 0, 0, 0, 1
134, 0, 0, 0, 57, 2, 66, 0, 0, 1, 3
3360, 2, 0, 0, 49, 2, 59, 0, 0.5, 5, 3
269676, 0, 0, 0, 0, 0, 0, 0, 0, 0, 1
135114, 5, 0, 0, 46, 0, 59, 0, 0, 1, 1
268776, 1, 0, 0, 77, 0, 92, 0, 0, 1, 2
29640, 2, 0, 0, 79, 0, 96, 0, 0, 1, 2
8580, 0, 3, 0, 7, 0, 8, 0, 0, 0, 1
8384, 2, 0, 0, 17, 6, 31, 0, 0, 2, 3
26136, 4, 0, 0, 75, 2, 99, 0, 0, 0, 2
8284, 0, 0, 0, 2, 0, 2, 0, 0, 1, 1
10252, 0, 0, 0, 94, 0, 105, 0, 0, 0, 2
284, 0, 0, 0, 35, 0, 40, 0, 0.5, 1, 1
7958, 1, 0, 0, 30, 0, 33, 0, 0.5, 1, 1
7988, 2, 0, 0, 77, 2, 105, 0, 0.5, 2, 2
7864, 1, 0, 0, 41, 0, 41, 0, 0, 1, 2
237268, 0, 0, 0, 8, 0, 9, 0, 0, 0, 1
8498, 1, 0, 0, 23, 0, 27, 0, 0.5, 2, 2
41174, 0, 0, 0, 33, 0, 35, 0, 0, 0, 1
128214, 0, 1, 0, 4, 0, 6, 1, 0.5, 3, 1
9206, 2, 2, 0, 21, 0, 30, 2, 0.5, 5, 2
257762, 2, 0, 0, 42, 0, 46, 0, 0, 0, 2
70156, 3, 0, 0, 27, 0, 33, 0, 0, 4, 2
9622, 1, 0, 0, 18, 0, 25, 0, 0, 0, 2
8374, 0, 1, 0, 41, 0, 45, 1, 0.5, 3, 2
7914, 0, 0, 0, 51, 0, 51, 0, 0, 0, 1
12242, 0, 0, 0, 3, 0, 6, 0, 0, 0, 1
284476, 0, 0, 0, 6, 0, 9, 0, 0, 0, 1
3662, 0, 0, 0, 12, 0, 12, 0, 0, 0, 1
65254, 0, 0, 0, 32, 0, 37, 0, 0, 0, 1
258162, 1, 0, 0, 37, 0, 46, 0, 0, 0, 1
25413, 4, 2, 0, 65, 6, 90, 2, 1.0, 6, 4
3319, 3, 0, 0, 238, 8, 286, 0, 0, 8, 4
120339, 0, 0, 0, 63, 0, 68, 0, 0, 1, 1
167145, 3, 0, 0, 172, 4, 201, 0, 1.0, 3, 4
8653, 2, 1, 0, 132, 0, 151, 1, 0, 1, 4
8013, 1, 0, 0, 46, 4, 80, 0, 0, 2, 4
14869, 2, 0, 0, 148, 2, 176, 0, 0.5, 2, 3
14853, 3, 0, 0, 111, 2, 149, 0, 0, 1, 4
14763, 5, 2, 0, 31, 2, 42, 2, 0.5, 5, 3
12829, 2, 3, 0, 31, 2, 47, 2, 0, 5, 4
7945, 7, 3, 0, 65, 2, 85, 3, 1.0, 10, 4
149019, 2, 0, 0, 82, 0, 112, 0, 0, 0, 4
7879, 1, 0, 0, 4, 0, 5, 0, 0, 0, 2
8325, 3, 2, 0, 57, 8, 76, 2, 1.0, 9, 4
105339, 4, 0, 0, 270, 2, 308, 0, 2.0, 5, 4
8307, 3, 0, 0, 214, 0, 228, 0, 0, 1, 3
9097, 1, 0, 1, 154, 0, 175, 0, 1.0, 4, 4
8277, 2, 0, 0, 133, 0, 150, 0, 0, 0, 3
255935, 0, 0, 0, 6, 0, 7, 0, 0, 0, 1
3657, 1, 1, 0, 26, 0, 37, 1, 0.5, 5, 4
8317, 3, 0, 0, 302, 4, 337, 0, 0, 4, 4
70083, 2, 0, 0, 204, 0, 238, 0, 1.0, 4, 4
38021, 1, 0, 0, 239, 6, 289, 0, 1.0, 6, 4
62091, 1, 0, 0, 33, 0, 40, 0, 0, 1, 3
265673, 1, 0, 0, 59, 0, 69, 0, 0.5, 2, 3
9433, 5, 0, 0, 87, 0, 112, 0, 0, 2, 4
9127, 4, 2, 0, 34, 0, 45, 2, 0, 7, 4
8125, 5, 0, 0, 135, 0, 170, 0, 0, 1, 4
8433, 5, 1, 0, 99, 2, 140, 1, 0, 3, 4
25553, 5, 0, 0, 187, 2, 225, 0, 0, 1, 4
3429, 1, 5, 0, 90, 0, 108, 0, 0, 0, 4
8643, 3, 0, 0, 108, 0, 133, 0, 0, 1, 4
105333, 1, 0, 0, 113, 4, 145, 0, 1.0, 6, 4
7887, 1, 0, 0, 12, 0, 13, 0, 0, 0, 1
93, 1, 0, 0, 47, 2, 70, 0, 0.5, 3, 4
9623, 5, 0, 0, 71, 2, 115, 0, 0.5, 5, 4
38093, 0, 0, 1, 17, 0, 20, 0, 0.5, 2, 3
135103, 1, 0, 0, 63, 0, 69, 0, 0, 0, 3
240559, 0, 0, 0, 47, 0, 59, 0, 0, 1, 2
127537, 2, 0, 0, 78, 0, 89, 0, 0, 0, 3
38031, 12, 0, 0, 37, 0, 49, 0, 1.0, 8, 4
55979, 2, 0, 0, 72, 0, 97, 0, 0.5, 2, 3
15215, 5, 0, 0, 89, 0, 103, 0, 0, 0, 3
9419, 2, 0, 0, 49, 2, 72, 0, 2.0, 7, 3
8221, 3, 0, 1, 117, 0, 155, 0, 0, 0, 4
235555, 0, 0, 0, 43, 6, 57, 0, 0, 1, 2
62389, 1, 1, 0, 134, 2, 162, 1, 0.5, 3, 3
8425, 0, 7, 0, 68, 0, 90, 0, 0, 0, 4
303357, 4, 0, 0, 96, 2, 121, 0, 0.5, 1, 3
279709, 4, 0, 0, 27, 0, 34, 0, 0.5, 2, 3
8471, 1, 0, 0, 80, 2, 103, 0, 1.0, 9, 4
15823, 3, 0, 0, 17, 0, 23, 0, 0, 1, 2
173, 5, 0, 0, 29, 2, 42, 0, 0, 2, 3
10131, 0, 6, 0, 81, 0, 114, 0, 0, 0, 4
107, 6, 0, 0, 86, 4, 116, 0, 0, 0, 4
293687, 3, 0, 0, 30, 0, 42, 0, 0.5, 6, 4
7919, 0, 0, 0, 163, 0, 185, 0, 0, 0, 4
8143, 4, 0, 0, 99, 0, 116, 0, 0, 0, 3
8245, 0, 0, 0, 112, 0, 140, 0, 0, 0, 3
8239, 0, 0, 0, 98, 2, 131, 0, 0, 0, 4
5911, 1, 0, 0, 30, 0, 44, 0, 0, 5, 3
8731, 3, 0, 0, 37, 2, 48, 0, 0, 1, 3
8747, 0, 1, 0, 5, 0, 5, 1, 0, 2, 2
8553, 0, 0, 0, 42, 0, 44, 0, 0, 0, 1
7905, 3, 4, 0, 49, 0, 68, 4, 2.0, 17, 4
8561, 3, 0, 0, 101, 2, 121, 0, 0, 1, 3
8313, 3, 0, 0, 76, 0, 104, 0, 0, 0, 3
26499, 4, 0, 0, 45, 0, 64, 0, 0, 0, 2
8301, 0, 7, 0, 41, 0, 54, 0, 0, 0, 3
14703, 1, 2, 0, 38, 0, 47, 2, 1.0, 8, 2
7941, 5, 0, 0, 27, 0, 35, 0, 1.0, 3, 2
379209, 0, 0, 0, 61, 0, 73, 0, 0, 0, 3
8249, 2, 1, 0, 35, 0, 38, 1, 0, 1, 3
134513, 3, 2, 0, 69, 4, 83, 2, 0.5, 5, 4
7967, 1, 0, 0, 7, 0, 9, 0, 0, 0, 1
3523, 0, 0, 0, 7, 0, 11, 0, 0, 0, 1
230883, 6, 0, 0, 64, 6, 96, 0, 0.5, 7, 4
25381, 0, 3, 0, 88, 0, 96, 0, 0, 0, 4
136441, 4, 1, 0, 185, 6, 235, 1, 1.0, 6, 4
9227, 6, 0, 0, 102, 2, 143, 0, 1.0, 8, 4
8717, 7, 2, 0, 46, 6, 74, 2, 4.0, 27, 4
70215, 0, 0, 0, 49, 2, 72, 0, 1.0, 4, 4
8833, 2, 1, 0, 79, 2, 98, 1, 0, 1, 4
14911, 3, 0, 0, 60, 2, 74, 0, 0, 1, 4
339789, 5, 0, 0, 98, 2, 137, 0, 0.5, 1, 4
61967, 1, 0, 0, 55, 0, 61, 0, 0.5, 2, 2
77557, 5, 0, 0, 21, 2, 33, 0, 0, 0, 3
7899, 8, 0, 0, 157, 4, 191, 0, 0, 1, 3
70389, 6, 0, 0, 129, 0, 174, 0, 0.5, 3, 4
383, 4, 0, 0, 82, 4, 123, 0, 0.5, 5, 4
7885, 2, 0, 0, 150, 4, 184, 0, 0.5, 4, 4
20857, 2, 0, 0, 28, 0, 43, 0, 0.5, 6, 4
7847, 0, 5, 0, 64, 0, 76, 0, 0, 0, 4
25571, 10, 1, 0, 81, 2, 103, 1, 0.5, 5, 4
61941, 0, 2, 0, 30, 0, 40, 0, 0, 0, 3
703, 1, 0, 0, 87, 0, 107, 0, 0, 2, 2
343951, 3, 1, 0, 31, 2, 44, 1, 1.0, 7, 4
8953, 1, 0, 0, 20, 0, 22, 0, 0, 4, 3
215983, 3, 0, 0, 36, 0, 47, 0, 0, 2, 3
61979, 0, 0, 0, 15, 0, 15, 0, 0, 1, 2
297733, 0, 0, 0, 6, 0, 9, 0, 0, 0, 2
288865, 0, 0, 0, 9, 0, 12, 0, 0, 0, 3
92899, 5, 0, 0, 54, 2, 83, 0, 0.5, 2, 3
25393, 1, 0, 0, 108, 0, 114, 0, 0.5, 1, 3
20505, 3, 1, 0, 8, 0, 12, 1, 0, 1, 1
25747, 5, 3, 0, 93, 6, 127, 3, 2.0, 10, 4
346101, 2, 0, 0, 58, 2, 89, 0, 0, 0, 2
120353, 3, 2, 0, 55, 2, 73, 2, 3.5, 13, 4
20593, 0, 0, 0, 3, 0, 3, 0, 0, 1, 1
7929, 4, 0, 0, 130, 2, 159, 0, 0, 2, 4
3351, 2, 0, 0, 102, 4, 130, 0, 0, 1, 4
377071, 2, 1, 0, 53, 2, 80, 1, 0, 14, 4
10663, 2, 0, 0, 33, 2, 48, 0, 0.5, 3, 4
8319, 3, 0, 0, 113, 2, 128, 0, 0.5, 1, 4
257899, 2, 0, 0, 86, 4, 109, 0, 0, 0, 3
8285, 1, 0, 0, 94, 0, 118, 0, 0, 1, 4
9285, 0, 1, 0, 149, 0, 190, 1, 0, 1, 4
5281, 1, 0, 0, 97, 2, 130, 0, 0, 1, 4
9283, 5, 0, 0, 204, 2, 232, 0, 0, 4, 4
9277, 4, 0, 0, 149, 0, 183, 0, 0.5, 2, 4
9279, 1, 0, 0, 60, 0, 76, 0, 0, 0, 2
8351, 0, 0, 0, 160, 2, 184, 0, 0, 2, 3
9637, 6, 0, 0, 48, 0, 60, 0, 1.0, 8, 4
119951, 1, 1, 0, 82, 0, 94, 1, 1.0, 5, 4
434159, 1, 0, 0, 22, 0, 28, 0, 0, 1, 2
9293, 0, 0, 0, 34, 0, 40, 0, 0, 0, 2
134351, 1, 0, 0, 9, 0, 14, 0, 0.5, 2, 3
9739, 2, 0, 0, 53, 4, 72, 0, 0, 1, 3
3577, 4, 0, 0, 16, 0, 26, 0, 0.5, 4, 4
245813, 1, 0, 0, 6, 0, 10, 0, 0.5, 1, 3
68085, 0, 0, 0, 48, 0, 56, 0, 0, 0, 3
8627, 0, 0, 0, 1, 0, 4, 0, 0, 0, 1
9123, 3, 0, 0, 11, 0, 14, 0, 0.5, 3, 3
3327, 5, 1, 0, 39, 6, 60, 1, 4.0, 12, 3
7907, 0, 1, 0, 19, 0, 21, 1, 0.5, 3, 2
286831, 1, 0, 0, 11, 0, 14, 0, 0.5, 2, 2
8623, 3, 0, 0, 72, 0, 82, 0, 0.5, 7, 3
8501, 0, 0, 0, 33, 0, 44, 0, 0, 1, 2
355937, 2, 0, 0, 37, 0, 62, 0, 0, 0, 2
332605, 1, 0, 0, 9, 2, 13, 0, 0, 0, 2
4365, 2, 0, 0, 30, 0, 33, 0, 0.5, 1, 1
179, 1, 0, 0, 8, 0, 9, 0, 0.5, 1, 2
3413, 2, 0, 0, 65, 0, 72, 0, 0, 0, 2
28291, 8, 0, 0, 67, 0, 80, 0, 0, 1, 3
8625, 8, 0, 0, 48, 2, 60, 0, 1.5, 4, 3
8945, 2, 0, 0, 137, 2, 172, 0, 0, 0, 3
37725, 2, 0, 0, 33, 0, 43, 0, 0, 0, 2
8677, 0, 0, 0, 13, 2, 26, 0, 0, 2, 2
70965, 1, 1, 0, 28, 4, 41, 1, 0, 2, 1
280157, 1, 0, 0, 0, 0, 2, 0, 0, 0, 1
365707, 0, 0, 0, 1, 0, 1, 0, 0, 0, 1
86239, 0, 0, 0, 0, 0, 0, 0, 0, 0, 1
239411, 1, 0, 0, 52, 0, 66, 0, 0, 0, 2
7989, 1, 0, 0, 43, 0, 62, 0, 0, 0, 2
8049, 1, 0, 0, 42, 0, 57, 0, 0, 1, 2
77541, 0, 0, 0, 2, 0, 2, 0, 0, 0, 1
3361, 1, 0, 0, 24, 2, 38, 0, 0.5, 3, 2
7855, 1, 0, 0, 115, 2, 136, 0, 0, 0, 2
15175, 0, 0, 0, 16, 0, 19, 0, 0, 0, 1
8005, 1, 0, 0, 49, 0, 60, 0, 0, 0, 1
8925, 0, 0, 0, 5, 0, 7, 0, 0, 0, 2
9403, 0, 0, 0, 3, 0, 5, 0, 0, 0, 1
91381, 0, 0, 0, 3, 0, 3, 0, 0, 1, 1
8903, 2, 0, 0, 2, 0, 2, 0, 0, 0, 2
346071, 0, 0, 0, 14, 0, 20, 0, 0, 1, 2
25537, 1, 0, 0, 52, 0, 56, 0, 0, 2, 1
7853, 0, 0, 0, 18, 0, 18, 0, 0, 1, 1
531655, 1, 0, 0, 7, 0, 11, 0, 0, 0, 1
22889, 0, 0, 0, 6, 0, 10, 0, 0, 1, 1
25707, 0, 0, 0, 11, 2, 15, 0, 0, 0, 1
70085, 0, 0, 0, 24, 0, 24, 0, 0, 0, 1
8889, 1, 0, 0, 7, 0, 8, 0, 0, 0, 1
21095, 1, 0, 0, 38, 0, 43, 0, 0, 1, 1
3557, 0, 0, 0, 36, 2, 48, 0, 0, 0, 1
471, 0, 0, 0, 3, 2, 7, 0, 0, 0, 1
